         580.         184.         230.
         690.         116.         154.
         460.         228.         220.
         340.         281.         219.
         221.         286.         120.
         791.         106.         233.
         651.         133.         159.
         239.         304.         164.
         182.         334.         173.
         353.         260.         181.
          74.         348.         104.
         233.         305.         155.
         196.         309.         140.
         279.         294.         184.
         325.         303.         243.
         169.         337.         162.
         727.         108.         166.
         500.         190.         162.
         167.         362.         230.
         178.         363.         216.
         609.         176.         242.
         167.         377.         247.
         296.         309.         230.
         123.         358.         165.
          80.         357.         129.
         148.         350.         171.
         694.         139.         225.
         174.         328.         157.
         601.         130.         121.
         411.         262.         248.
         530.         182.         174.
         205.         324.         172.
         668.         145.         227.
         377.         253.         188.
         539.         148.         105.
         355.         253.         168.
         183.         363.         231.
          26.         381.         121.
         563.         146.         119.
         601.         140.         142.
         628.         162.         226.
         572.         149.         137.
          67.         398.         184.
         641.         141.         178.
         570.         169.         184.
